3913
3310
3927
2176
3602
4164
732
17
2230
2495
2100
546
4189
3471
4666
3266
1018
3415
3442
1413
1301
4724
4500
3967
1807
964
552
2460
1723
1775
2621
2770
4319
2648
609
763
1403
1096
1135
4857
3889
1441
286
197
2959
4868
1730
3431
4965
1648
773
968
1298
799
1851
4190
3810
4961
370
2638
3612
3272
3295
456
4875
4330
1227
1541
2863
3903
1863
4922
2280
3586
2524
4861
4438
4303
1008
1939
4234
2122
2496
76
1003
1653
1473
3521
798
1419
1954
1443
727
3498
1245
618
3147
4830
323
3630
3641
190
569
1063
4785
851
3689
2712
3275
1991
4753
4508
3953
3431
3405
1491
776
3220
4454
3222
2858
2707
744
1444
1950
421
4195
3783
2342
1907
1714
4608
3981
2379
3299
4045
1553
1434
291
152
2964
3761
246
3807
1667
2447
2490
2297
94
4754
4842
4928
377
2101
772
934
4447
4126
4113
4365
1656
4907
371
1369
278
145
527
1575
132
4360
4939
4343
2929
4302
258
4098
2462
1938
4777
4504
2931
1899
3690
2588
2065
1787
4232
1880
1608
2365
4598
2427
2321
927
3496
3058
3390
3878
3529
1523
1920
915
2165
734
4816
499
1999
1075
1844
1674
3473
2510
4349
4610
1434
4758
1218
2784
4304
3492
914
3648
4967
2767
4762
2512
2023
2003
806
2201
708
3584
3409
3255
2584
2016
4735
2956
2773
1566
4788
3157
37
4934
3893
2089
3079
2711
4493
3739
1841
607
4574
38
610
3272
949
4398
972
2304
3477
4996
269
4643
966
4890
4101
1095
2026
4418
24
3262
12
2739
3704
2758
3612
34
3875
2674
4434
4312
2511
2068
360
102
4011
3372
2646
4313
1068
337
1985
469
3090
4792
2888
394
3969
4004
2989
1984
685
75
3716
3580
596
1836
1334
2852
4660
916
523
3299
2871
4165
2486
3202
4283
864
879
730
3450
2714
3350
4687
1277
4543
4650
3913
4870
3219
1065
4872
4685
2451
3628
2436
3353
1781
4507
2176
2038
4794
4653
153
4814
3687
2599
3925
2306
4686
1111
3105
3125
2259
3534
2972
1726
4029
2303
1053
2186
2422
2983
1442
4851
651
3614
421
538
51
4850
2502
1358
3704
3692
3657
3061
3197
4873
2591
1945
725
1607
185
2108
2961
1748
2427
3917
656
711
4324
4479
3454
4990
4617
1812
3211
303
4164
74
2179
3388
2256
4837
3609
1747
4421
3567
4878
4911
3529
4156
4713
4109
1462
816
2798
4335
1890
3903
1187
1504
4883
4341
526
3024
2905
3714
4076
1846
4851
2895
710
2517
4766
2338
4351
348
3499
1214
2327
3860
4039
745
2183
168
4767
4345
3529
3801
4014
3877
3413
261
3887
675
3506
2916
4311
586
3843
708
4492
3033
61
634
3447
2196
4343
4125
1465
2451
836
677
1577
2328
2465
4138
2158
359
3258
3560
186
276
2833
974
4482
450
3631
4092
3832
1435
1038
2914
2372
1620
4369
1007
684
1549
1722
2571
2
4404
2336
1564
3041
2737
3685
1559
3210
4368
758
3953
2329
283
522
4216
201
4087
1152
2998
3566
252
293
30
1413
2923
3305
4957
2960
1458
3455
610
3637
688
3558
782
2940
1269
2934
1746
1766
2072
882
4465
678
2086
586
2089
1099
153
807
1597
397
3725
4005
4751
4112
2306
151
118
4432
3728
3600
1752
914
149
316
1641
1726
4740
1277
3932
1154
4407
1233
1494
4371
829
4353
4328
2338
1217
3859
2807
652
1858
213
4913
1683
3808
1671
634
1119
2816
2314
3038
3472
4130
3551
529
1770
3945
364
1360
3876
1876
444
991
2493
2511
381
3284
2954
824
2781
3216
4870
793
1101
4056
4936
404
4959
2919
3070
644
2813
3338
2093
3195
3023
241
2278
3825
2558
3394
854
2499
3931
3776
1415
4223
2420
4172
3427
3388
2681
296
36
4099
3168
2680
3029
4495
594
1367
3986
2446
3290
3233
4064
2106
3898
4298
4489
140
1006
4130
3266
4388
2362
2371
1862
2326
2642
714
2984
788
4492
4682
2963
2518
3302
2994
27
343
2212
2783
3231
1192
4408
3409
4210
698
4713
4309
325
3123
4683
3287
2382
3552
2031
649
1737
798
818
704
1854
4880
3384
3199
2954
3609
271
1547
3805
905
4272
4146
2929
3223
899
2075
4980
3954
3162
1165
2614
3333
389
4862
1105
1205
2301
4412
487
2654
1257
4230
4526
1509
930
3351
2809
1210
455
602
428
3166
505
4421
3851
537
359
4159
2654
4957
669
2783
2636
4654
3090
3521
4492
3522
2094
1750
1308
860
1060
1151
4648
43
4620
1420
2294
2548
4267
3771
3500
2561
737
4448
2829
969
1011
568
846
3142
1758
531
1985
3474
1594
4873
3419
2410
3860
4287
4116
3706
4294
4569
2107
4354
4773
3809
917
3939
1866
106
691
1899
4284
76
3917
3643
692
3523
2512
1526
904
3167
4102
529
4167
1174
3449
4748
3002
4885
3688
4980
4656
4795
3268
1169
2341
3475
1196
2203
4652
1907
1276
1653
4841
86
4191
1518
957
4777
1718
338
1775
2590
2802
1127
467
1579
188
3600
360
1170
938
1982
1419
711
2244
4490
1809
2748
1302
2218
2327
310
1875
3997
1891
2450
688
4081
1984
1932
3791
3225
3167
3351
3206
2066
1993
2141
702
763
3288
2597
1843
3482
969
4294
235
4131
2843
4702
4710
3209
3475
4500
3011
1466
715
3805
4237
3018
891
1107
1616
3429
2379
2714
3815
3068
2505
178
2497
4668
2047
540
3930
4731
3467
3394
3029
2597
2216
1558
1239
2283
2222
582
4750
3667
341
1740
1351
3189
2905
2685
4872
2181
981
3415
1103
3256
480
2167
1626
2665
2205
42
1163
2936
570
3281
2999
2322
777
1640
803
4334
4868
4334
1208
1798
2964
148
2727
765
3827
4309
1764
4363
668
1750
3750
53
2292
4773
2118
49
4932
3575
78
2180
4420
1375
3341
561
1493
2964
3653
725
1893
2299
4876
855
1467
2438
3462
4707
74
4304
3296
4598
1274
4734
317
1633
1178
314
1970
4127
3363
4263
1403
198
3222
3668
1346
3341
4089
2968
263
4284
149
300
2893
1142
352
3300
2657
741
4545
3481
1499
2386
1923
2312
2667
2330
1059
1709
4383
1179
994
4526
2362
2630
897
4679
2634
2799
1093
121
619
2106
4041
4012
4449
975
1842
4175
1281
2878
2658
1230
4582
4882
2765
4017
3275
911
1002
4017
2283
2381
3586
4084
3291
624
2939
263
246
674
667
4858
4649
4424
2863
4394
3345
2912
2864
1693
489
1884
428
1505
3522
4765
4944
2480
4866
1880
1404
1724
1798
2076
2839
3239
3520
4958
722
3826
3036
1579
3930
607
2211
2800
1582
159
2020
3371
673
364
3047
4309
3529
400
1953
2081
563
3526
681
459
397
3366
4270
3944
3060
2573
1586
4625
874
3388
2190
4039
3657
3910
2954
4821
4294
722
3184
4786
460
1496
1208
1041
3677
2490
3548
2440
1286
1440
4395
2197
3145
2578
1182
565
1337
3267
4741
4009
3573
2395
2497
2285
3174
4009
652
4619
2446
2133
2787
4841
342
895
4999
3902
2159
3230
268
571
4025
4147
3340
4435
3993
4994
894
1080
2728
2390
3484
1028
982
4175
1213
3065
3999
3923
2867
4668
1838
3929
4994
4153
3653
4555
1855
2251
2579
2281
3407
3108
3000
4170
4984
4427
4056
3063
3293
3181
3116
4573
1892
57
3650
1760
3860
1168
4682
1934
4903
3236
363
601
3733
97
4153
4187
782
4438
3139
3643
3501
448
3984
376
3028
1812
4191
1787
4010
937
631
4687
1552
2266
2038
4938
504
1894
696
688
2569
645
2378
171
2746
2400
438
4888
274
4869
2281
3855
43
4473
1072
1444
1074
3274
3732
2048
1977
2896
2925
3967
2606
677
4049
1468
3059
4216
3684
3889
3743
2451
1075
2857
3070
3813
2631
629
1375
4303
1513
4141
3656
1776
4644
2080
1195
594
3864
2231
3162
3648
3712
4674
2721
3411
2565
2069
3351
3971
1830
1059
1186
3393
112
2592
3399
3216
3375
2261
643
3104
674
2674
1383
3784
312
830
1033
1969
273
2465
352
1453
728
95
3740
1402
136
4660
1248
562
2278
2404
2474
455
2955
263
1664
2053
3681
2980
2220
1604
1588
58
2975
1038
3291
3937
3100
1736
1037
1383
3698
4365
707
4733
2666
18
3852
1997
3080
3715
1013
81
826
3270
201
929
830
49
4166
3981
3289
2294
245
3749
4866
670
2121
2703
3112
1200
1560
4513
4526
896
3707
3109
4748
3223
2598
1647
3202
1685
4901
3505
591
1508
4233
4705
838
2362
3108
3051
2570
2057
3095
1404
4120
1959
4868
1997
2898
1150
3886
1880
2156
1500
555
4931
4564
2092
1182
2607
2452
2520
780
1605
2394
1741
3159
3359
1437
2416
1865
750
3092
3510
1944
2470
2802
2303
3989
2790
3355
602
3750
2052
2799
3021
1350
4091
953
4302
141
3747
1181
501
600
51
1278
1490
4011
2380
3800
1510
560
482
4285
3137
3788
3646
4557
3086
2129
2262
3103
3392
4252
1850
3771
3728
3806
4374
391
4068
2407
2135
2275
3119
4569
2592
2910
1894
1193
1312
3293
1610
3990
1846
43
3268
2768
4662
4233
2705
4535
2867
2174
2880
644
2789
1249
3751
1281
2550
2685
4637
1990
4733
4104
3425
3207
1166
3568
1197
736
2663
1893
818
3969
1494
4403
2407
1808
503
960
4145
141
2687
4534
4540
4962
4395
2476
1781
1343
4160
614
3643
3628
3656
4620
4258
2743
1619
61
1603
1094
3037
1969
1872
974
1357
3912
4151
3386
3843
1943
778
1591
3540
4496
4304
199
4564
3463
3812
3690
1788
4854
1577
2050
3251
2190
313
1874
146
4665
190
442
4357
3051
2105
718
2663
3566
3606
484
3326
3395
2501
2218
4836
2052
88
4160
317
4059
3179
3156
1249
2913
4307
3183
393
4823
2724
4167
3599
2277
3241
4179
1754
337
2235
490
2391
3586
2537
999
4857
3329
365
3394
2354
4359
2214
1199
2103
1154
1558
1087
1486
2034
4193
1444
3744
3923
326
2841
842
4440
1886
1049
154
3323
464
4500
4818
4598
1769
1732
1523
2181
3299
2921
2549
914
830
1034
2609
1525
2065
2446
720
2154
2693
4720
1144
791
1746
3469
3260
4697
157
418
1443
4317
3240
4031
3896
2715
1382
2505
4385
4826
4565
4306
3735
1273
3896
2831
3094
4293
232
4318
2375
4441
329
3001
630
744
3356
4027
2853
3301
3472
1826
2024
2881
1478
3232
2674
1799
2138
4895
144
4561
3062
894
2589
3388
985
4872
1895
3915
376
3968
4465
840
3044
2003
3988
240
3402
3152
4359
2355
4652
1084
1355
2740
2282
855
4795
665
158
1295
2155
338
4174
2815
1380
4436
412
2243
4759
3485
2132
3938
2926
4505
2361
1185
4838
4476
4244
2434
3398
3987
537
2790
4909
1978
4540
4850
1106
131
78
1231
3758
4081
1813
4128
1666
229
624
4553
4829
1159
3394
874
223
715
3159
1850
379
1098
1017
320
1421
2724
2898
3169
4802
1385
2907
4402
4896
563
1137
4628
3408
902
181
3845
2692
3234
4519
4610
3852
4691
2606
2239
593
4663
2568
4194
3819
2690
4472
9
4114
4759
4811
1034
1184
3645
4327
282
2322
1222
4658
4266
22
3766
2467
4322
534
4315
4159
2145
1579
1408
1468
1730
118
660
2576
139
3817
3713
583
2207
1092
1129
514
3650
1092
4148
2662
4048
3908
4237
2288
2630
34
3340
2217
1828
2196
3247
3661
4505
3532
2327
3430
2707
3291
3081
916
525
1069
4188
1465
3610
640
2452
3175
3894
3252
3818
3231
1387
1654
111
3238
2343
4121
3838
1697
1779
3443
749
2943
571
53
1078
3675
3765
2700
2808
359
3011
3233
2137
2979
4720
2773
3678
1991
2583
4026
1423
4736
441
3692
298
1849
1388
3314
4322
2824
2957
1314
3855
585
3544
3871
333
2693
705
3932
1924
3745
1961
4936
4842
3521
3923
3696
4943
4409
4055
3633
3053
3535
3409
4265
4360
819
2235
3401
2463
3075
2803
4330
2702
1070
4685
4024
346
884
4459
4748
1034
4735
2103
2679
2776
505
3850
1778
2926
2693
3371
4913
3770
4325
3261
320
2177
4279
4511
4515
459
2305
1469
3849
942
2632
2235
3773
3836
4900
3351
4060
4950
4308
2599
3319
1432
730
1490
3856
1969
458
475
4771
4704
2890
561
3377
2810
4365
1847
1067
1373
4944
4290
3730
3267
3255
1737
145
3271
78
2942
3027
4343
4312
4963
4462
1726
4943
3889
1447
2789
656
2547
1
1831
1698
4146
3053
2071
3858
964
4471
3053
2284
2687
7
19
3870
52
3178
3994
1346
586
1891
2517
2448
429
393
2927
1099
1652
2867
477
401
3278
718
2398
4290
1899
1569
4109
3685
3074
4413
4115
3471
4974
2059
1625
4957
4444
2857
4891
711
2453
1444
71
656
2484
4383
1270
3753
126
973
2207
3097
3995
2653
4006
1970
2609
730
1971
3484
4069
310
3272
1173
2777
4046
2475
3370
3769
2971
1656
3795
2977
4767
2948
1835
647
1742
1806
2516
299
357
3559
2102
2207
1018
4477
2321
3054
4655
2349
3715
886
1407
1642
2144
3173
3898
2880
3438
1909
2900
4985
2156
4318
3412
121
4228
4705
2172
1323
868
3924
4455
3186
3713
1751
1171
3967
1759
4570
154
317
4114
622
2941
2910
1570
3125
805
3663
1749
3863
3368
608
2400
373
1404
2784
3795
898
249
2617
883
3332
1481
4791
1431
3222
2930
393
2002
4932
1121
3869
1755
2584
871
1534
1377
503
3552
1104
3901
3510
4574
2006
557
3848
786
3341
347
3387
172
862
4321
2538
4435
783
4142
3151
1479
3348
195
412
1661
1818
2742
4500
3853
4817
4502
4871
1408
3293
2347
4146
3716
2373
3758
4476
4235
2584
2436
4590
46
3615
4761
260
4548
4218
3149
88
2393
3227
4024
204
909
3490
1849
2757
4264
1057
4995
970
3839
477
1980
1879
3516
176
3823
2062
2025
4666
3916
3895
913
606
366
3046
2057
2482
4952
4636
1668
4414
2479
3182
4270
2143
3237
226
525
1002
213
3178
2590
1466
752
4570
1636
2883
1744
4373
396
1088
3064
2728
4311
129
4292
304
3124
3804
701
1782
1105
359
4303
4425
2998
3799
2610
1373
1939
3597
1538
1024
4453
738
1306
4447
4854
796
1411
4174
739
580
4241
580
1351
4752
3871
4141
2852
2933
2103
1722
301
3431
2073
2232
2164
1328
1572
2838
274
372
2434
1799
4551
2040
3275
3573
3824
4845
451
2329
2393
1527
1044
526
1118
3723
3074
3247
4928
3469
3522
4006
1495
4817
723
1023
3665
4075
2284
3526
4225
3573
3901
367
3146
2442
1030
4311
1477
299
317
3008
2483
4774
4329
3774
2387
1548
1114
3441
3254
3325
2910
1805
1851
3429
305
4735
1318
2253
4908
4750
2562
1925
3104
3820
2627
677
2380
3677
2693
3764
1770
4630
3152
514
1523
1721
488
1950
3636
2118
2961
3843
273
900
664
2097
3517
4718
2137
1296
2994
4225
391
568
446
559
1670
509
1148
1711
4168
2437
748
4491
1556
3281
3653
1337
1906
3585
4247
4368
3617
2791
1789
3719
1653
2205
3157
530
2161
2663
1540
1397
770
2545
4239
2585
69
965
51
4980
802
1926
2950
525
3095
782
4344
2383
3444
2181
2813
3552
2050
3626
609
2601
3780
1728
3907
4466
2352
618
4550
1506
897
4351
3722
4011
4042
1069
1269
941
3535
4267
3567
1692
4841
1265
624
871
2861
774
2087
4981
4851
2988
4348
2145
1937
1639
3806
3341
2059
585
2628
184
2376
1445
4628
3744
2061
334
3342
2376
912
1872
18
2783
59
3917
2760
2516
1104
3036
1605
1579
3532
4570
1655
2909
4
1578
2074
2403
2264
2928
3883
2950
1640
3384
4317
3396
1637
1881
3811
2528
2433
4711
4069
2979
2971
1565
2086
3021
3879
1290
2238
4024
3981
1050
1652
2807
4790
1719
3741
484
3260
939
113
2985
2990
2068
1143
1676
4601
4365
879
4224
4225
4077
4146
3822
502
3677
4939
3439
4492
4054
3525
974
690
4859
3969
591
1733
1511
3606
4919
3140
3328
4268
1494
4598
1084
4990
904
423
411
3421
4515
412
3015
4799
4904
1904
2831
2305
1114
1781
303
992
4207
2415
4140
2295
3131
3099
553
4943
3091
759
960
1084
897
4810
2653
4224
4418
3687
4035
3017
4082
633
4010
562
2676
61
4066
3688
3903
4206
2493
3139
2838
2337
61
4080
459
3789
1860
2805
4870
468
330
3756
4452
1932
3902
95
4252
3607
2887
2427
2746
2286
1910
3574
3405
3578
4620
3071
4034
1866
1041
3885
3267
2822
3246
3561
4749
3573
3765
629
1828
1231
3147
3615
304
255
1110
745
1159
3971
4437
296
1319
66
394
552
427
1487
675
1881
4170
3789
3772
3005
4427
1445
490
1631
3686
341
346
679
4842
2258
599
1515
4140
3296
3271
3151
2468
3876
1912
64
2430
746
2567
3201
2429
2694
3135
3263
2898
1885
1460
3039
2460
143
4188
3859
4765
4480
2060
818
3625
3758
454
4061
4468
3879
1413
2131
3216
2525
4413
294
1878
3709
576
3682
3879
2290
4203
992
2207
2084
2781
2958
799
2560
4056
3997
4108
4413
3387
2989
1817
1095
1439
3672
292
3506
3734
3550
1282
1005
47
374
2472
1166
1162
3752
4568
507
4981
2476
278
1068
3612
1542
978
2496
3263
1908
4823
2417
3023
3804
4139
1425
3478
784
2270
1904
3390
373
3556
653
4710
1203
2037
2407
487
4633
1399
305
4430
3602
4433
911
2712
749
2484
4897
2695
2797
244
1827
3728
3866
2982
1244
1235
1047
2689
4252
1270
3447
2044
928
1700
1783
3989
706
3094
4155
2878
2109
2685
3593
4484
4016
1775
3232
3315
4313
4396
4825
4887
1201
637
3672
1809
4839
3016
536
917
1473
2938
2332
2804
3327
3265
4248
3818
893
2008
4329
1767
3110
1917
1617
2884
4024
2082
1707
3224
1567
68
120
4856
1446
3561
844
292
3028
4974
4151
2691
2559
3239
1405
4171
354
789
1157
751
2527
4414
2422
2306
68
3058
1777
4284
4020
789
2785
2758
1310
2312
4350
1405
2818
2476
1359
4767
2422
3957
790
919
2858
1638
4209
4871
513
2446
2530
3236
925
956
698
2154
2646
2815
4789
3388
1784
1560
1272
2240
2190
1393
1382
247
3890
5000
1354
2878
4430
1391
3329
3570
3624
1504
4448
3430
3850
1906
3772
1575
3259
4549
1834
354
1615
2197
3759
3
2687
2971
2984
862
2686
3551
3730
1465
257
3962
982
513
1093
4652
3806
4534
2627
2128
3530
1143
3368
1359
4539
4878
2789
4698
3981
2641
4560
1029
3633
1693
1241
1351
192
1460
3408
2467
885
74
2774
2983
3174
4888
925
3259
482
3607
743
2300
2727
4487
3668
2617
1636
1329
3432
3106
3074
2988
4571
1089
1906
4228
330
4289
4273
4742
4461
2347
1127
161
1243
3456
3369
385
3186
4652
3954
4531
4216
374
1898
2261
3302
4146
3026
3625
4716
3863
3028
302
4394
2897
504
1686
1078
3946
4559
1636
3987
740
4147
3397
1173
2567
3245
212
4248
1251
3143
3781
4153
3543
3772
4197
4192
4645
927
1184
1264
648
27
598
4320
826
767
3347
2953
1684
4308
4240
93
2318
544
3477
1228
3502
1088
735
902
2814
4377
3466
721
4247
1149
851
4125
1307
2494
1433
3019
3375
373
3339
714
3549
4077
348
1801
4898
2259
2565
1943
3904
3688
1836
2999
296
2969
691
3557
193
283
3450
1272
1561
4878
73
4677
4917
4222
1646
4191
2875
1221
1719
1945
2206
2763
2680
4425
741
3935
1004
556
1813
1523
1817
560
4314
2852
3829
3338
1804
2877
2827
3093
1924
2068
4153
3671
4005
672
1885
677
613
3375
4069
2683
1970
4891
794
2534
290
1267
2817
1259
4279
2895
4459
39
3061
4514
363
2065
393
3309
2388
4999
3394
3626
22
138
3610
4009
421
70
2050
327
4943
3439
2454
4135
3590
4423
2058
1296
3049
537
60
1569
3814
4030
2609
4115
610
4491
309
4820
285
2305
987
4071
4289
3344
4870
656
3924
1281
846
2747
4209
3953
2952
1021
2585
3927
925
940
7
4097
260
1851
4939
1826
4813
993
2530
4496
3400
931
4762
2231
43
2638
2452
3384
4846
247
4554
1403
2373
1769
4692
2313
2361
4862
1078
1589
1530
1684
3567
4369
4814
1188
2046
4137
4132
2464
3532
3878
3127
4429
2882
4916
2986
1978
3910
315
3570
4201
4081
678
1387
3605
1725
3492
2159
2626
4465
4951
4915
942
2966
1716
2364
393
2418
3856
593
3315
4252
2383
1716
677
3276
2945
3887
4776
4328
383
953
764
3019
2330
2603
2889
2983
1209
4463
3554
1979
1507
2999
3581
3963
2186
1463
1166
2552
2594
4561
54
4722
256
4950
1699
3963
710
330
3781
4605
2384
3299
4082
3999
4152
2923
637
4114
4476
2411
1209
4393
2039
1337
2746
4384
3136
1714
1091
1482
2722
2224
1735
823
899
1042
2764
2380
905
3926
2273
880
682
3949
4595
3209
3918
4582
4812
4263
827
2053
3077
183
3352
661
2684
3919
2205
2316
828
3996
4239
2299
1884
160
1565
3260
3101
3110
159
3257
3210
551
139
330
3712
3090
1742
4537
467
3554
1903
1828
656
670
4148
1552
2471
238
3359
3845
176
3589
3098
3277
1641
3383
2066
4436
1645
658
1481
1702
4104
2570
3843
2527
45
3023
1950
4594
2178
2668
1850
2274
2094
2412
1644
1214
1013
13
790
2864
4752
1314
3081
4621
2453
1863
3689
329
1024
2307
2893
4809
2074
202
2724
3087
1827
1622
1508
4448
3288
3765
1668
2509
1740
824
1183
4230
1740
853
3424
1632
4868
3618
1951
2790
4489
4223
74
3183
4334
1622
3570
4872
4775
2041
201
1893
4688
3558
4388
4391
3506
1343
4576
987
4647
573
2881
1630
680
4460
3589
172
3883
1261
4942
3457
3251
4934
3598
2604
1548
3326
114
1666
196
1797
2734
4700
624
4291
4542
3182
1465
4033
3127
3526
4042
964
3144
3917
1343
3445
2503
4875
3033
3398
989
3514
2100
1745
3642
4755
4960
1784
2844
180
1229
2910
791
2850
2839
3181
1006
1389
4918
407
3708
4851
3135
1416
4415
2288
1790
4682
1262
3104
823
239
3634
1799
809
4221
2601
3879
649
4788
3222
4682
1190
2948
2298
1132
173
294
1078
3162
2439
1114
4957
2627
4691
1138
380
684
2330
1355
2965
279
522
4740
4357
990
4277
3993
2042
3618
581
2127
740
131
2185
4026
3662
188
4119
3284
2115
1497
3604
3101
665
4710
283
1007
2108
4671
3842
1917
1550
4295
1823
2944
4161
1450
3591
1308
1855
1180
3253
2460
2581
312
374
4827
442
665
2477
192
1565
4047
4241
1469
1675
2421
4075
4648
708
3270
1886
2371
4777
3664
578
1446
3308
4242
4866
2212
1598
2812
1429
935
3244
1145
521
354
4336
456
566
1443
2195
3650
352
2504
55
355
1269
1740
2375
3943
600
3585
4295
882
2683
3918
4735
3929
1519
1200
800
265
3595
3754
2618
3306
3225
531
1901
3722
313
252
2705
443
177
1128
3312
3075
1392
2954
2973
3127
4837
2655
2212
2844
1640
2362
3462
1603
620
408
3938
4366
644
1930
55
1599
4886
1749
2130
738
4839
3654
3630
349
881
3853
706
1556
606
1660
2538
3565
3227
2674
429
941
1543
4775
1667
863
2070
298
3103
4906
1314
3339
4799
3247
1074
1714
3190
4643
824
2236
3621
3744
3512
3007
1464
3812
3335
1906
813
3805
1163
1349
1111
3426
1786
3407
2802
3884
1126
1007
3026
905
2893
4877
2354
4730
3470
962
4220
1222
3976
2494
2867
244
4691
1871
2272
1870
1344
3253
2831
4352
1499
3988
3410
1307
1966
2636
2960
919
1937
2503
4128
1357
3196
2717
851
3635
654
1734
343
2373
2687
4592
4830
3670
3483
868
3735
4915
1135
932
2540
2874
3177
3675
4407
3905
1468
1047
2765
834
3002
3301
4286
1474
3366
1511
2048
1975
1021
3638
1217
4611
2910
459
1666
1907
4159
4741
2825
1098
3902
3046
4784
1005
4963
1255
3181
4522
3311
1947
2167
4607
3970
4510
4371
4387
307
3356
304
1972
3820
1761
3895
2498
4715
2930
4964
2718
2010
2500
4747
1728
3223
1667
1933
4957
3517
3281
1511
2111
3331
2527
3664
4075
1471
1611
641
3401
1088
2280
1601
803
4437
853
2279
2142
4152
2287
1291
2034
1292
463
2513
812
2201
440
1384
2303
2577
4415
870
2026
1846
3194
3642
1294
3097
4820
1028
3104
2289
1564
1631
4731
899
3944
2292
2370
4389
4792
806
1230
1990
4478
820
2868
14
2853
1875
1032
227
3338
824
1674
1410
4576
3958
1243
2211
985
4045
4332
1260
3188
4745
4728
3832
2783
4914
3257
3149
4015
2915
2786
3610
4640
37
2368
2374
774
1280
244
2946
4997
2877
3951
740
4958
3321
1324
4986
1049
159
3404
747
1474
4971
3803
4734
1092
4037
2232
2940
3618
2883
1213
424
3039
3065
1770
4540
1591
3869
1438
4706
3802
1386
1263
311
794
3988
3875
4462
3591
3272
2101
3856
4512
2039
2136
4669
1234
2635
1283
1738
4049
2305
4329
2114
1665
3528
2702
1894
1552
1784
3396
2180
3722
3698
1946
88
3708
3493
3940
2105
162
2770
4350
347
783
2358
912
1000
929
2101
3306
3957
2587
4700
658
1497
2058
4150
3646
2266
1286
1982
2911
1807
4877
4922
134
814
94
2048
962
2741
3695
4178
1577
1279
2956
3982
1332
4308
2617
1703
965
4451
3479
4439
4593
4023
3041
449
3031
4559
4848
1674
819
3180
4860
2543
471
862
2224
98
906
3881
1140
565
263
3409
3124
4379
3542
3076
2819
4339
4650
4584
1017
3461
3329
438
329
1112
2773
4645
4018
1403
2894
2021
3360
3397
1420
413
3512
470
2085
2519
797
2084
3311
2914
4177
1184
900
3662
1908
4955
1741
510
2025
1236
2163
1400
4215
33
533
1113
2325
1262
4863
4738
2672
3242
50
4727
2960
3129
4564
2349
2254
2132
3787
3934
150
415
1261
4146
212
4111
2737
4064
4663
2385
4997
2125
1234
21
1198
3480
4938
972
194
4536
2221
3574
243
936
1134
1173
703
3779
391
4393
3256
4893
2449
3230
1250
3801
3772
1388
901
3215
3525
800
75
287
3245
2925
3494
2940
1932
1085
2411
1283
1939
4252
1713
1576
173
326
3012
4039
3409
3958
3674
270
4130
105
4677
3004
3771
2398
4708
3551
71
1980
1011
1422
3499
4956
2691
3209
2680
2764
1848
4306
1982
1973
2955
3197
1518
4675
3628
3447
3376
1863
4806
4568
2127
4806
1157
3141
3249
490
4169
4534
1378
3861
1212
4959
3242
291
3077
217
2636
4803
1359
645
2111
4368
3289
2157
2150
1480
1486
4096
3771
1262
175
3209
2174
1443
4296
3694
3800
4550
4961
2191
3595
2314
2929
3122
762
2996
4956
1228
1598
3411
812
3574
504
4161
2458
2760
1517
4000
992
1770
4004
73
764
117
3687
3003
2785
1799
996
4383
1418
3086
4843
4169
2051
4797
1439
168
1396
4154
1524
259
2499
360
450
1601
2706
3013
3986
1537
2178
4800
3559
3191
3187
3522
1550
2813
4435
2760
212
3157
233
2215
1993
2727
3732
1335
2111
2661
1321
1350
2605
1838
246
3746
2575
405
4667
2086
297
4772
2813
4460
2206
1619
4527
1652
983
3529
3248
3626
733
3637
3943
3368
26
284
3367
2724
2870
1372
903
1326
216
828
2195
1721
2945
4441
948
1146
3147
2350
2463
440
344
774
10
375
3200
2080
353
3582
4414
2696
617
3969
2896
1879
3720
2292
2038
1943
4216
3926
3870
1488
4244
1378
4424
2806
3708
1542
2582
2103
480
3384
1174
3504
3024
4253
275
2993
4525
791
1020
2321
1913
2521
211
3227
3826
1067
721
3657
4108
1205
3134
3537
1570
3857
1530
3632
951
395
3373
3811
1001
2311
2216
2234
2795
4392
3856
4468
2018
4045
2419
3426
2907
1549
4575
1724
1168
1198
3980
2642
821
3926
2995
4275
251
2638
1934
4168
2724
1643
2043
4130
2419
2209
1320
4602
305
2978
433
4434
2212
1254
1639
64
3787
4708
631
21
4282
4806
2465
4754
1415
732
2990
2076
4317
2942
1983
158
2459
4688
1744
375
2003
3289
1008
698
229
4974
1420
3190
766
4546
430
4568
2287
2932
489
543
2007
1913
4886
2919
4179
2290
2716
1688
4220
4245
285
2364
995
275
1976
2524
4511
1265
3061
499
3701
4933
4793
4308
3386
4275
3989
1869
302
3423
4790
1386
2453
1440
3151
546
4802
3826
1197
4714
573
4321
1479
985
4689
4057
2195
491
2571
2907
58
1022
4871
4990
1843
2075
2121
578
4533
4904
3301
847
1387
797
4456
3900
4911
4556
2125
1431
2722
685
69
3348
4926
4380
3454
3808
4620
4330
2081
3499
4299
2395
3365
3768
1516
2463
4597
1077
3425
4225
4293
1293
1413
4727
2935
683
1530
789
4147
2640
3366
1140
186
4373
954
1523
65
2464
3621
3313
959
203
2823
4803
1548
3992
2432
688
2385
2448
4959
1049
3006
3498
1393
3776
1936
200
1446
2772
2279
3831
184
4442
133
3159
2210
3993
2814
4993
2399
2134
2456
113
3266
4090
3470
1610
3179
3943
3251
842
3405
1700
2681
2318
3135
1689
2981
2178
4587
4866
1018
850
1035
1393
1870
3469
3541
4193
963
3872
829
4439
3785
3715
4732
1957
2884
1062
4587
3373
4453
1938
2017
4502
364
2257
4549
2966
4065
2583
3498
1823
2136
528
4462
2309
2909
2932
518
2553
1342
3875
2168
3521
89
1397
3261
3598
4729
4941
2797
3490
2000
2835
1017
2805
186
651
1029
4614
3921
576
129
3381
374
4006
2304
3257
4254
2423
4049
4953
544
2035
2032
578
4770
3497
4413
3967
3996
951
3237
4125
4787
9
4824
4302
4512
1657
2123
2259
1903
905
3632
766
3747
3788
3147
1083
4094
5
4345
2306
893
2845
2946
4966
803
439
3036
1690
1238
2063
618
2971
2339
1005
3594
366
4183
3002
3746
2598
301
1791
3050
4639
3404
1266
1832
982
350
3331
4874
3992
1607
931
3232
1943
2063
4858
3500
4073
3622
434
1021
4841
288
662
3428
2743
195
2782
1900
1092
1259
1748
2006
4102
4795
3308
1562
4537
3608
2054
1341
2907
2190
1627
1365
1409
2773
1652
3304
4326
4503
4674
3976
4867
770
3210
4352
2743
2839
4089
788
2569
1432
3782
2733
4859
3925
4130
2148
3755
3297
3963
466
1569
4094
3115
2651
3662
4298
2019
4971
3543
4478
2575
1589
1586
2772
2140
3333
1586
3956
3820
1698
4519
1266
3773
1476
3408
3894
1506
2484
3643
4505
4549
1029
541
4209
2408
774
2656
559
691
3446
820
4119
2246
3091
3858
2193
1148
2088
1786
798
562
4799
4477
2265
947
303
321
1639
4244
4768
2792
4535
1328
4039
4929
1546
1049
2378
364
1366
677
1028
3266
375
879
401
4020
682
2618
1215
2746
4418
699
2846
3943
4750
1553
3277
3262
2106
453
1017
1316
923
654
1286
2791
3207
3163
2313
1145
3771
1725
420
121
4535
1534
4103
1387
547
1283
4640
4022
3029
2023
3375
3837
3483
96
179
4993
2773
4116
3259
914
4661
4713
2344
4722
4593
2610
814
2519
306
71
3976
2694
279
2725
4409
3217
2451
1890
2716
823
813
1996
3287
3901
2279
2449
4309
3111
2984
2320
3373
4655
3466
4507
461
4822
4190
4381
1794
2937
470
2121
3717
2959
3047
682
3558
759
688
1962
2543
883
1400
2437
101
2665
1426
3444
2443
2144
3302
2703
4536
2986
1698
4322
4228
773
2264
4587
4028
3070
97
4780
353
3693
3280
329
854
1598
3892
3550
2424
1023
4778
2490
3255
1030
4407
2796
3396
746
1939
4650
4635
2768
2586
731
1261
3725
1455
2786
3495
1101
2935
4473
787
1621
2084
1408
4386
1098
2590
846
3253
4752
279
3513
3208
4208
1067
3198
1366
4469
1191
3282
1132
447
145
2586
1107
2549
4069
2130
144
1107
56
1323
3089
306
1704
1635
3947
2999
3411
2299
3156
1094
1398
4884
2489
4073
2524
2053
2659
3257
1420
4027
4910
4653
3341
340
1477
4498
302
1838
2029
461
702
2147
4697
3956
425
2903
2505
4433
4251
3367
1059
3893
126
39
4050
261
97
2035
26
2016
4471
1887
4687
1030
1414
3436
1965
1364
158
4449
2698
1573
270
2696
392
4251
188
3533
3648
4621
4548
3226
4007
3054
2969
1018
4527
3303
1291
1216
4401
3268
1813
14
990
3815
2461
3668
2543
1990
939
1141
4275
4802
669
4486
3623
2431
4647
4799
74
1565
3387
405
2469
1246
2881
1633
3061
397
3910
3662
74
3943
48
4431
4761
257
1706
1577
1791
1520
991
1659
3683
3407
3952
4205
2385
3483
2395
2096
3657
1492
1142
2837
4881
1408
2546
4745
935
828
607
2147
3081
2277
1068
332
4754
1239
4725
3366
726
3070
3009
3554
575
1729
1723
4062
2294
3677
4249
4579
3002
1814
6
3582
2802
2212
4551
3354
2712
1961
643
964
914
3844
3579
1407
2340
3620
4451
1147
3758
4029
1371
587
3484
2588
2263
3153
4686
3485
2451
2259
1580
1029
4146
1268
2271
2486
2531
2543
1688
1372
655
3765
2428
2046
2641
1731
3150
316
1722
3675
4226
3102
821
3973
443
4420
99
214
4949
1398
3668
4228
4511
3385
4384
4886
4699
2312
4136
4854
1090
1908
4459
2386
3375
2607
3159
1439
4948
533
3
4370
1763
3777
3033
3479
208
173
825
2852
2388
2317
2595
291
2705
1427
4255
4044
2662
2755
2032
839
1181
1869
2586
2319
3643
3435
599
2837
1261
3660
267
4416
1396
4299
2466
734
352
906
4678
4527
1487
1285
2466
3773
4313
4169
4682
1948
3353
4116
3778
2193
3501
4164
3190
4895
1192
714
4836
1774
4574
2988
1591
3728
2051
3179
3896
3406
3962
3521
3692
1756
3078
2506
4353
4896
4403
3813
3006
4475
3753
3652
4485
2146
4883
3074
916
2232
1110
2571
4543
4638
1071
2904
4953
3499
4695
3738
1722
1135
274
1277
2986
4832
424
2022
4116
995
4812
3294
492
2379
2709
362
3022
923
3504
4445
3846
3977
2264
1664
2296
1391
3979
4054
686
174
2554
854
201
665
2091
1872
4202
2476
666
4653
1723
2862
3959
4921
2420
2816
2080
2164
1930
710
4883
4030
4996
251
4893
2746
3872
3610
3981
1595
853
1370
1336
3943
3442
3959
3093
4828
289
838
1160
546
258
3851
2722
984
19
2343
4245
4481
4312
1816
2124
4977
291
3525
859
4951
772
4346
3001
592
3496
4072
3800
353
1527
16
1480
3462
4724
2253
1876
1093
4550
4338
3773
1145
2529
3910
2727
1529
4366
4501
2284
4038
4246
1359
3653
4918
3101
3143
4056
943
2837
568
2051
1187
51
2369
4458
4
864
783
4757
2060
4941
1032
428
954
4752
4714
2422
1863
1619
1472
1227
3996
1788
4763
1108
168
1364
1563
362
1582
3197
933
3256
3982
2288
2587
1094
161
4452
2724
665
3583
4744
224
4098
3215
932
2700
166
3387
721
2193
4324
1365
4342
3056
4399
289
1262
4291
3641
4302
421
3176
3863
4008
2776
1446
3667
4717
3413
933
1370
3480
3194
2599
4561
3543
4492
2350
1570
1004
4386
2445
1043
4944
2807
2717
39
3878
2695
3171
1076
1858
3131
1980
1759
2434
2445
3999
690
4112
3889
3094
3287
1400
1222
3322
1753
4812
937
393
2944
2881
2868
2565
3954
4545
3926
3133
4563
3061
510
585
2022
242
4857
4513
350
1214
841
2127
1098
494
1661
2458
2115
1292
4159
4643
3722
4486
965
227
2942
2303
228
3196
3991
567
3027
2214
3509
4312
4436
2630
3603
3304
1073
3045
1544
1710
2973
539
3972
3810
4295
2451
1220
410
450
2662
387
4283
4411
78
2097
283
2644
4720
15
1661
522
4783
3187
3627
3619
1787
1059
4032
3856
3811
220
1114
3100
2013
1514
426
1256
4133
3008
2777
1976
3582
117
365
1828
4226
4901
4358
533
3320
661
1354
3031
4883
1188
3190
2352
345
191
2509
1392
2189
1554
1640
2443
4273
1184
2399
3565
1672
4028
3511
1713
2238
4686
1941
4666
2823
1799
4393
1886
1701
3499
536
3150
3867
3084
3218
825
3324
3074
912
3942
499
1386
4788
2028
3478
2923
2556
3043
2503
794
3862
4293
2151
4641
793
198
4248
3524
4530
3546
799
624
4692
3691
1019
3490
3577
1189
2967
1574
241
3598
3116
4570
1214
853
4898
4914
1189
4900
4244
1351
4383
907
4638
1244
1000
4226
2292
3020
1578
4801
3545
2366
3144
4876
1694
1097
1010
4989
4347
1367
77
929
554
265
1177
2582
3428
4941
300
4335
2336
4630
4303
4448
1241
3785
4054
4776
2490
4351
3898
4947
4997
441
54
750
1426
1338
4159
3802
3905
1201
554
2877
1275
3455
354
4373
67
3419
798
2351
2721
2243
2465
3915
3064
3696
3636
2910
2044
1234
2499
4996
2469
130
933
113
211
428
1156
2090
782
1499
431
1136
4076
1426
3173
2786
3431
4681
4710
4072
3553
1547
2227
2754
2976
1140
2686
2730
2703
1250
1758
2671
3702
559
408
1145
2522
242
4163
4639
2264
3709
1570
1222
1813
1330
4839
1639
523
850
4479
2364
1525
3427
1443
923
2904
3179
2138
4072
2742
3426
4388
4533
4742
2761
2434
3518
1018
2029
265
3190
518
71
1809
4845
4978
1005
941
1646
1301
1048
2207
1853
1771
4394
1146
276
4116
4486
3242
4343
3104
91
1898
3838
4321
2037
1481
4053
3897
1321
621
3495
586
1290
1847
1455
1619
1598
945
1900
2239
493
2771
1695
1219
2535
2763
348
1615
2158
4402
1533
3787
922
86
427
3173
2971
524
2941
4524
1889
2749
4980
427
3713
1268
481
2548
4691
3658
2519
3541
1342
2105
2612
2321
204
2620
1787
4275
1134
2438
1739
1920
4089
4708
4665
1204
1420
3282
3648
1074
3005
2377
350
2744
2791
1268
2507
1268
2282
2801
1925
3501
1884
2992
2446
3817
2475
3107
2970
351
3738
3666
3391
4451
1011
3061
1338
4005
1604
4277
1129
1409
10
1445
537
3966
1756
4869
4530
3936
114
519
1993
3333
514
3238
36
1098
2263
848
3730
3313
313
3297
2337
4339
3987
899
1734
4730
4930
3503
4665
3006
1673
516
3492
440
2456
3480
2062
2606
3578
4034
238
3219
1674
58
3938
2773
3026
241
1742
756
547
2816
1097
1713
4109
1198
4980
857
3136
4800
4006
1611
855
3988
1661
4998
4747
4597
3642
3784
3787
1124
4735
1279
3060
4118
2666
3929
1961
3962
1705
4690
1762
3909
2459
3857
4420
1780
1332
1258
3500
1205
4471
3779
28
3627
2365
2686
3397
3941
3026
3430
1600
2958
1969
4424
3081
4819
3654
4991
3532
1051
3896
4175
3095
4317
4850
1946
1530
2805
579
2967
3266
2384
284
2582
1653
957
1251
4433
1753
4981
533
3021
936
3276
3090
3804
1940
3035
776
4601
3127
1341
2727
2450
2309
297
684
712
3778
419
1157
593
3362
59
164
4216
2674
4387
2771
2124
3568
4221
3239
3552
519
876
3239
4820
1227
1047
6
3495
2029
978
4841
1925
4658
2835
274
1357
274
540
656
1335
3824
4941
4659
877
3112
3875
1130
2553
265
3652
1034
3906
3103
4175
1931
1434
2059
865
4485
2731
413
2662
3564
2385
219
3240
4558
4840
4114
1415
1851
3029
3566
1904
4728
579
1217
2363
1708
2353
4918
2453
3230
3377
4945
935
3823
483
905
3840
4299
4410
1056
2925
922
1163
1377
2275
658
4873
4317
1291
3440
3851
1802
3006
340
1199
4448
1353
218
4696
4157
2132
2814
2960
4433
187
2441
4284
4417
4076
3935
275
2117
2442
1973
641
982
3566
4202
3942
1705
1836
3036
3627
4014
4380
1576
1939
595
2625
1036
4552
3623
4603
253
3924
112
2963
1730
1190
4835
1374
456
242
2356
3166
1735
4360
1033
4700
217
882
2152
1276
2992
2322
4097
4187
3946
54
3612
502
3689
1793
3040
4384
1652
2514
2190
3050
530
3020
1836
3012
4107
331
1380
2794
1272
849
2645
2216
906
896
2408
154
2401
2347
1612
2931
4828
925
4017
1677
2579
4334
2686
3664
2203
2972
1514
4221
2171
2984
4170
2198
4046
4140
2169
2661
943
1303
2916
3098
2409
1396
4596
2793
4386
2887
1984
4306
903
4259
3223
4605
4004
160
434
4774
2646
2717
592
3300
4336
3424
46
2923
1727
211
1108
3261
178
3951
1989
3525
3010
920
4268
1184
4739
4893
4278
4317
989
2208
3319
2913
4762
4565
3194
3887
3706
2396
16
3227
712
4617
3762
3985
1350
1673
1067
4176
1779
3723
4128
1953
2270
4698
1596
3085
892
4251
36
2754
3439
1276
2312
2128
106
2134
3161
2162
2017
2222
4555
2783
3936
3763
2814
3393
2158
283
4834
3066
3826
103
2538
2266
3081
1366
643
64
2969
110
2995
4456
2361
2262
4788
4436
2305
1635
3880
4217
3513
3905
2159
4558
4169
1345
3018
3508
1885
3204
927
610
4418
1971
3928
2732
3477
3266
360
2932
2324
2683
506
2133
2240
3159
2808
1493
883
252
4259
2799
4374
1986
3591
715
953
4733
2351
3169
1984
3946
2487
2912
4649
1743
746
1889
3063
2593
2110
3106
3652
4390
73
4659
4427
2169
713
1371
2717
564
4706
1858
4309
182
3422
3022
3177
4171
1779
3744
915
2191
949
3378
197
2595
2484
497
2414
919
3431
3291
3143
1154
4147
4985
1913
3932
1288
3785
4021
981
453
1421
4241
629
3603
4467
3322
2724
3713
3892
814
3366
2191
1461
3442
1695
4462
1832
4686
216
3957
1798
2134
1415
3716
3156
1035
3438
1109
4245
2883
2995
4724
4935
1739
4528
4138
4568
3993
3017
2176
4690
2207
4539
2477
4777
3963
2687
1543
219
4471
4457
4099
3805
2024
3655
4288
2826
1914
447
3433
4885
1616
4468
1010
2820
3643
2256
4723
3914
2557
4894
2840
1670
3041
4268
4592
2595
3938
3939
4194
3349
1895
890
4775
3427
3896
919
2912
3084
241
1313
2655
3546
4585
2292
3074
2739
3530
4658
1135
1708
2964
2630
2662
4577
1617
2430
765
2756
4063
1693
3888
2976
1254
84
2991
726
4693
2584
3924
2724
4345
1640
3673
1245
2240
4295
2085
749
1195
1854
4066
4281
2804
2486
386
4265
3229
199
1810
1466
155
156
4021
3549
2425
4680
2292
4502
4302
2348
3046
947
734
3412
2364
1325
3957
1417
2337
2323
345
16
1562
2210
2628
4607
172
3768
4698
3726
2498
4495
774
2459
2569
4189
2619
125
3820
2561
2003
2584
1448
3847
3808
3120
3548
4393
123
4062
308
1812
2862
4488
1121
139
3595
1811
921
2819
4508
3525
4804
576
4851
3552
173
3276
843
3176
3706
3832
2598
4777
320
2762
3569
2715
3403
4509
1060
780
3645
637
3418
686
1633
1287
1338
2431
594
808
4205
1002
3053
3478
2781
872
3997
256
2947
273
3550
1948
356
1477
4215
3086
4168
3360
1571
880
3409
1413
1760
3729
4880
4168
2159
4165
1919
3887
1939
3412
2582
2899
4628
1596
1724
1843
4982
2697
3719
3147
1563
788
2230
1698
282
1942
1471
3548
2119
2978
861
4714
2400
2792
4242
4325
3599
3614
3714
4832
3338
4060
3334
138
4367
2458
1849
2619
1362
2326
3379
3874
2162
262
4851
973
1499
3183
3886
218
2694
3371
1768
3961
2552
2869
499
1837
2354
2400
3244
1369
3984
3887
4810
2503
2454
2093
2331
2825
94
3853
2187
4794
4600
1988
2552
2138
2942
3270
2826
416
4728
3497
2138
4967
2293
4374
2587
1498
1959
13
265
3962
4082
2010
4891
3275
453
2349
3520
4407
852
1062
125
3842
1184
1975
4361
565
317
3361
3895
4085
4574
2829
1642
487
1750
4843
211
3080
4506
833
866
81
3588
3226
713
2590
2097
4278
1686
594
4751
3420
4564
3666
3373
3296
3783
318
13
2022
1182
3598
1118
1181
4388
1253
369
4404
1526
610
2138
440
4901
19
197
44
255
2959
1262
1772
3468
1040
1675
3302
4334
1155
3265
2976
2115
3454
1061
4893
3068
2485
4652
2269
3964
2408
3838
4460
2222
2694
2752
1077
3456
4311
3520
4545
3470
3329
3042
824
4056
3242
3555
143
1923
2817
1847
3234
2988
2394
2289
3073
4550
2246
2373
2417
368
2928
1081
2848
4122
1803
4551
775
3288
599
4846
23
2636
3720
4507
3786
412
237
837
4826
3930
4509
346
1147
561
604
1472
4829
405
4680
1528
1210
1939
1103
4178
542
2249
195
1703
2254
3692
2780
1856
1325
2971
1824
599
4268
2887
3503
2661
4314
1410
2547
3487
859
2583
4934
2287
3519
331
4723
370
3608
4072
3636
3085
1533
4543
3965
1538
217
3534
3583
1135
1150
2654
4022
3177
3737
5
2204
1942
1903
2020
2215
4801
4392
2616
3319
2960
2316
2909
3185
1923
3970
2411
3248
2254
4335
3740
4067
4726
3923
1966
2444
780
2827
1413
2337
3206
3562
1758
3551
3514
3128
2781
3468
1589
1857
3836
3693
3917
1225
1006
4222
2309
350
1660
2166
3740
4406
1769
3842
4997
939
2479
3020
4937
4576
1436
1974
2979
280
113
4399
559
4358
4672
3796
1189
3944
1660
397
500
47
150
3502
2917
2745
136
430
1167
4248
3598
3801
1793
2916
3554
2575
649
4762
3531
2014
422
1862
715
3638
1112
1608
3663
2951
679
2864
977
4797
2747
1372
3343
4951
789
3977
103
2193
4440
1006
808
3732
1682
1313
2606
2644
805
2097
3148
1428
413
4647
4975
3638
4333
1513
2391
1310
4082
2186
4751
3304
3272
3802
1054
422
4573
3604
1786
1673
4659
1338
2574
4417
1055
1983
1956
4799
4002
1020
2146
3583
4717
4550
4384
3100
1398
4705
618
4277
1587
3794
3112
2255
1256
2505
461
2881
259
2185
3071
2202
312
1476
1769
4076
2073
559
2584
2350
4557
2592
2308
3062
40
1169
3587
3722
4419
2955
4024
4869
2986
2509
86
866
3227
320
3162
3551
1523
4076
4540
1818
2950
4945
3271
3242
2782
309
1027
839
2122
3268
4720
3995
1487
50
2216
87
3918
1739
3462
2305
3161
3203
4216
2803
1390
904
850
1754
2398
4034
828
482
3053
490
113
96
2898
345
941
4111
1928
3186
2748
4718
2790
1091
4379
3177
3104
3075
4633
4784
614
2235
3658
4748
729
469
1853
1879
4459
4274
3442
3088
2441
4239
943
997
4938
2121
2189
3574
799
4352
378
4976
456
4499
14
299
1525
2673
3650
4323
4402
1044
4868
818
1832
366
4367
2430
3493
4063
4652
2655
4744
4660
2278
3551
149
3383
3239
984
887
1059
3986
1262
1858
3683
4292
1231
456
1554
354
1787
624
4119
3687
1397
4371
125
4165
4573
2754
4759
82
1737
4701
2724
232
797
2221
1463
151
3143
4435
2666
3437
3343
2059
3606
3961
3150
1074
3137
1975
1939
3709
2866
2031
625
973
